time       t+s  spec ready  pods  jobs processing  done
07:27:06     0     0     0     0     0          0   100
07:27:10     4     0     0     0     0          0   100
07:27:13     7     1     0     1   100          0     0
07:27:17    11     1     1     1    98          1     1
07:27:20    14     1     1     1    97          1     2
07:27:23    17     1     1     5    96          1     3
07:27:27    21     5     5     5    90          5     5
07:27:31    25     5     5     5    84          5    11
07:27:34    28     5     5     5    80          5    15
07:27:37    31     5     5     5    75          5    20
07:27:41    35    10    10    10    65         10    25
07:27:44    38    10    10    10    55         10    35
07:27:48    42    10    10    10    45         10    45
07:27:51    45    10    10    10    33         10    57
07:27:55    49     6     6    10    24         10    66
07:27:58    52     6     6    10    15         10    75
07:28:02    56     6     6    10     5         10    85
07:28:05    59     6     6    10     0          6    94
07:28:09    63     6     1    10     0          0   100
07:28:12    66     1     1    10     0          0   100
07:28:15    69     1     1    10     0          0   100
07:28:19    73     1     1    10     0          0   100
07:28:22    76     1     1    10     0          0   100
07:28:26    80     1     1     6     0          0   100
07:28:29    83     1     1     6     0          0   100
07:28:32    86     1     1     6     0          0   100
07:28:36    90     0     0     6     0          0   100
07:28:39    93     0     0     1     0          0   100
07:28:42    96     0     0     1     0          0   100
07:28:46   100     0     0     1     0          0   100
07:28:49   103     0     0     1     0          0   100
07:28:53   107     0     0     1     0          0   100
07:28:56   110     0     0     1     0          0   100
07:29:00   114     0     0     1     0          0   100
07:29:03   117     0     0     1     0          0   100
07:29:06   120     0     0     0     0          0   100
