time       t+s  spec ready  pods  jobs processing  done
06:59:37     1     0     0     2     0          0    30
06:59:40     4     0     0     0     0          0    30
06:59:43     7     0     0     0   200          0     0
06:59:47    11     0     0     0   200          0     0
06:59:50    14     1     1     1   199          1     0
06:59:54    18     5     3     5   194          5     1
06:59:57    21     5     5     5   190          5     5
07:00:00    24     5     5     5   185          5    10
07:00:04    28     5     5     5   179          5    16
07:00:07    31     5     5     5   177          5    18
07:00:11    35    10    10    10   164         10    26
07:00:14    38    10    10    10   154         10    36
07:00:18    42    10    10    10   143         10    47
07:00:21    45    10    10    10   133         10    57
07:00:24    48    10    10    10   128         10    62
07:00:28    52    10    10    10   115         10    75
07:00:31    55    10    10    10   105         10    85
07:00:35    59    10    10    10    93         10    97
07:00:38    62    10    10    10    82         10   108
07:00:41    65    10    10    10    72         10   118
07:00:45    69    10    10    10    61         10   129
07:00:48    72    10    10    10    50         10   140
07:00:52    76    10    10    10    42         10   148
07:00:55    79     8     8    10    30         10   160
07:00:59    83     8     8    10    24         10   166
07:01:02    86     8     8    10    14         10   176
07:01:05    89     8     8    10     5         10   185
07:01:09    93     1     1    10     0          2   198
07:01:12    96     1     1    10     0          0   200
07:01:16   100     1     1    10     0          0   200
07:01:19   103     1     1    10     0          0   200
07:01:22   106     1     1    10     0          0   200
07:01:26   110     1     1     8     0          0   200
07:01:29   113     1     1     8     0          0   200
07:01:32   116     1     1     8     0          0   200
07:01:36   120     0     0     8     0          0   200
07:01:39   123     0     0     1     0          0   200
07:01:43   127     0     0     1     0          0   200
07:01:46   130     0     0     1     0          0   200
07:01:49   133     0     0     1     0          0   200
07:01:53   137     0     0     1     0          0   200
07:01:56   140     0     0     1     0          0   200
07:02:00   144     0     0     1     0          0   200
07:02:03   147     0     0     1     0          0   200
07:02:07   151     0     0     0     0          0   200
