time       t+s  spec ready  pods  jobs processing  done
07:31:46     0     0     0     0     0          0   100
07:31:50     4     0     0     0     0          0   100
07:31:53     7     0     0     1    40          0     0
07:31:56    10     5     5     5    35          5     0
07:32:00    14     5     5     5    30          5     5
07:32:03    17     5     5     5    27          5     8
07:32:06    20     5     5     5    22          5    13
07:32:10    24     4     4     5    27          5    18
07:32:13    27     4     4     5    23          5    22
07:32:17    31     4     4     5    29          5    26
07:32:20    34     4     4     5    34          5    31
07:32:24    38     4     4     7    29          5    36
07:32:27    41     6     6     7    32          7    41
07:32:30    44     6     6     7    36          6    47
07:32:34    48     6     6     7    27          7    56
07:32:37    51     6     6     7    32          7    61
07:32:40    54     6     6     6    25          7    68
07:32:44    58     6     6     6    19          7    74
07:32:47    61     6     6     6    14          7    79
07:32:51    65     6     6     6     8          7    85
07:32:54    68     1     1     6     4          7    89
07:32:57    71     1     1     6     0          5    95
07:33:01    75     1     1     6     0          2    98
07:33:04    78     1     1     6     0          1    99
07:33:08    82     1     1     6     0          1    99
07:33:11    85     1     1     6     0          1    99
07:33:15    89     1     1     6     0          1    99
07:33:18    92     1     1     6     0          1    99
07:33:22    96     1     1     6     0          1    99
07:33:25    99     0     0     1     0          1    99
07:33:28   102     0     0     1     0          1    99
07:33:32   106     0     0     1     0          1    99
07:33:35   109     0     0     1     0          1    99
07:33:39   113     0     0     1     0          1    99
07:33:42   116     0     0     1     0          1    99
07:33:46   120     0     0     1     0          1    99
07:33:49   123     0     0     1     0          1    99
07:33:53   127     0     0     1     0          1    99
07:33:56   130     0     0     0     0          1    99
