time       t+s  spec ready  pods  jobs processing  done
07:34:13     1     0     0     0     0          0    99
07:34:16     4     0     0     0     0          0    99
07:34:19     7     1     1     1    39          1     0
07:34:23    11     1     1     1    38          1     1
07:34:26    14     5     5     5    34          5     1
07:34:30    18     5     5     5    29          5     6
07:34:33    21     5     5     5    24          5    11
07:34:36    24     5     5     5    19          5    16
07:34:40    28     4     4     5    24          5    21
07:34:43    31     4     4     4    19          4    27
07:34:47    35     4     4     4    26          4    30
07:34:50    38     4     4     4    33          4    33
07:34:54    42     4     4     6    29          4    37
07:34:57    45     6     6     6    35          6    39
07:35:00    48     6     6     6    37          6    47
07:35:04    52     6     6     6    29          6    55
07:35:07    55     6     6     6    34          5    61
07:35:11    59     6     6     6    28          6    66
07:35:14    62     6     6     6    22          6    72
07:35:18    66     6     6     6    17          6    77
07:35:21    69     6     6     6    10          6    84
07:35:24    72     2     2     6     6          5    89
07:35:28    76     2     2     2     4          2    94
07:35:31    79     2     2     2     2          2    96
07:35:34    82     2     2     2     1          2    97
07:35:38    86     2     2     2     0          0   100
07:35:41    89     1     1     2     0          0   100
07:35:44    92     1     1     1     0          0   100
07:35:48    96     1     1     1     0          0   100
07:35:51    99     1     1     1     0          0   100
07:35:55   103     1     1     1     0          0   100
07:35:58   106     1     1     1     0          0   100
07:36:02   110     1     1     1     0          0   100
07:36:05   113     0     0     1     0          0   100
07:36:09   117     0     0     0     0          0   100
